t =1000:3:1010